--[[
    EVOLUTION SECURITY - GENESIS PROTOCOL V10
    [PROTECTION LEVEL: MAXIMUM]
    [STABILITY: ULTRA]
]]
local _G_ENV = getfenv()
local _PRINT = _G_ENV.print
local _LOAD = _G_ENV.loadstring or _G_ENV.load

-- Anti-Hook Protection
if _PRINT ~= print or tostring(_LOAD):find("custom") then
    while true do end -- Crash if hooked
end

local _DATA = {96,96,83,127,136,129,124,139,83,169,100,97,99,83,96,83,121,124,129,116,127,83,137,120,133,134,124,130,129,83,91,118,130,129,135,130,133,129,130,134,83,122,133,136,120,134,130,134,83,89,83,131,116,133,131,116,119,120,130,83,100,134,92,61,159,162,150,148,159,83,131,159,148,172,152,165,166,83,112,83,154,148,160,152,109,122,152,167,134,152,165,169,156,150,152,91,85,131,159,148,172,152,165,166,85,92,61,159,162,150,148,159,83,133,134,83,112,83,154,148,160,152,109,122,152,167,134,152,165,169,156,150,152,91,85,133,168,161,134,152,165,169,156,150,152,85,92,61,159,162,150,148,159,83,135,170,152,152,161,134,152,165,169,156,150,152,83,112,83,154,148,160,152,109,122,152,167,134,152,165,169,156,150,152,91,85,135,170,152,152,161,134,152,165,169,156,150,152,85,92,61,159,162,150,148,159,83,127,131,83,112,83,131,159,148,172,152,165,166,97,127,162,150,148,159,131,159,148,172,152,165,61,61,96,96,83,116,166,152,154,168,165,148,165,83,169,156,166,156,149,156,159,156,151,148,151,83,152,161,83,150,168,148,159,164,168,156,152,165,83,152,157,152,150,168,167,162,165,61,159,162,150,148,159,83,131,148,165,152,161,167,136,124,83,112,83,91,154,148,160,152,109,122,152,167,134,152,165,169,156,150,152,91,85,118,162,165,152,122,168,156,85,92,109,121,156,161,151,121,156,165,166,167,118,155,156,159,151,91,85,133,162,149,159,162,171,122,168,156,85,92,83,148,161,151,83,154,148,160,152,109,122,152,167,134,152,165,169,156,150,152,91,85,118,162,165,152,122,168,156,85,92,92,83,162,165,83,127,131,109,121,156,161,151,121,156,165,166,167,118,155,156,159,151,91,85,131,159,148,172,152,165,122,168,156,85,92,61,156,153,83,131,148,165,152,161,167,136,124,109,121,156,161,151,121,156,165,166,167,118,155,156,159,151,91,85,127,168,161,156,171,122,168,156,85,92,83,167,155,152,161,83,131,148,165,152,161,167,136,124,97,127,168,161,156,171,122,168,156,109,119,152,166,167,165,162,172,91,92,83,152,161,151,61,61,159,162,150,148,159,83,127,168,161,156,171,122,168,156,83,112,83,124,161,166,167,148,161,150,152,97,161,152,170,91,85,134,150,165,152,152,161,122,168,156,85,95,83,131,148,165,152,161,167,136,124,92,61,127,168,161,156,171,122,168,156,97,129,148,160,152,83,112,83,85,127,168,161,156,171,122,168,156,85,61,127,168,161,156,171,122,168,156,97,133,152,166,152,167,130,161,134,163,148,170,161,83,112,83,153,148,159,166,152,61,61,96,96,83,112,112,112,83,136,124,83,134,135,140,127,120,83,91,135,133,116,141,130,134,83,122,133,136,120,134,130,134,92,83,112,112,112,61,159,162,150,148,159,83,153,168,161,150,167,156,162,161,83,128,148,158,152,119,165,148,154,154,148,149,159,152,91,153,165,148,160,152,92,61,159,162,150,148,159,83,151,165,148,154,154,156,161,154,95,83,151,165,148,154,124,161,163,168,167,95,83,151,165,148,154,134,167,148,165,167,95,83,166,167,148,165,167,131,162,166,61,153,165,148,160,152,97,124,161,163,168,167,117,152,154,148,161,109,118,162,161,161,152,150,167,91,153,168,161,150,167,156,162,161,91,156,161,163,168,167,92,61,156,153,83,156,161,163,168,167,97,136,166,152,165,124,161,163,168,167,135,172,163,152,83,112,112,83,120,161,168,160,97,136,166,152,165,124,161,163,168,167,135,172,163,152,97,128,162,168,166,152,117,168,167,167,162,161,100,83,162,165,83,156,161,163,168,167,97,136,166,152,165,124,161,163,168,167,135,172,163,152,83,112,112,83,120,161,168,160,97,136,166,152,165,124,161,163,168,167,135,172,163,152,97,135,162,168,150,155,83,167,155,152,161,61,151,165,148,154,154,156,161,154,83,112,83,167,165,168,152,110,83,151,165,148,154,134,167,148,165,167,83,112,83,156,161,163,168,167,97,131,162,166,156,167,156,162,161,110,83,166,167,148,165,167,131,162,166,83,112,83,153,165,148,160,152,97,131,162,166,156,167,156,162,161,61,156,161,163,168,167,97,118,155,148,161,154,152,151,109,118,162,161,161,152,150,167,91,153,168,161,150,167,156,162,161,91,92,83,156,153,83,156,161,163,168,167,97,136,166,152,165,124,161,163,168,167,134,167,148,167,152,83,112,112,83,120,161,168,160,97,136,166,152,165,124,161,163,168,167,134,167,148,167,152,97,120,161,151,83,167,155,152,161,83,151,165,148,154,154,156,161,154,83,112,83,153,148,159,166,152,83,152,161,151,83,152,161,151,92,61,152,161,151,61,152,161,151,92,61,153,165,148,160,152,97,124,161,163,168,167,118,155,148,161,154,152,151,109,118,162,161,161,152,150,167,91,153,168,161,150,167,156,162,161,91,156,161,163,168,167,92,61,156,153,83,156,161,163,168,167,97,136,166,152,165,124,161,163,168,167,135,172,163,152,83,112,112,83,120,161,168,160,97,136,166,152,165,124,161,163,168,167,135,172,163,152,97,128,162,168,166,152,128,162,169,152,160,152,161,167,83,162,165,83,156,161,163,168,167,97,136,166,152,165,124,161,163,168,167,135,172,163,152,83,112,112,83,120,161,168,160,97,136,166,152,165,124,161,163,168,167,135,172,163,152,97,135,162,168,150,155,83,167,155,152,161,83,151,165,148,154,124,161,163,168,167,83,112,83,156,161,163,168,167,83,152,161,151,61,152,161,151,92,61,133,134,97,133,152,161,151,152,165,134,167,152,163,163,152,151,109,118,162,161,161,152,150,167,91,153,168,161,150,167,156,162,161,91,92,61,156,153,83,151,165,148,154,154,156,161,154,83,148,161,151,83,151,165,148,154,124,161,163,168,167,83,167,155,152,161,61,159,162,150,148,159,83,151,152,159,167,148,83,112,83,151,165,148,154,124,161,163,168,167,97,131,162,166,156,167,156,162,161,83,96,83,151,165,148,154,134,167,148,165,167,61,153,165,148,160,152,97,131,162,166,156,167,156,162,161,83,112,83,136,119,156,160,101,97,161,152,170,91,166,167,148,165,167,131,162,166,97,139,97,134,150,148,159,152,95,83,166,167,148,165,167,131,162,166,97,139,97,130,153,153,166,152,167,83,94,83,151,152,159,167,148,97,139,95,83,166,167,148,165,167,131,162,166,97,140,97,134,150,148,159,152,95,83,166,167,148,165,167,131,162,166,97,140,97,130,153,153,166,152,167,83,94,83,151,152,159,167,148,97,140,92,61,152,161,151,61,152,161,151,92,61,152,161,151,61,61,159,162,150,148,159,83,128,148,156,161,121,165,148,160,152,83,112,83,124,161,166,167,148,161,150,152,97,161,152,170,91,85,121,165,148,160,152,85,95,83,127,168,161,156,171,122,168,156,92,61,128,148,156,161,121,165,148,160,152,97,134,156,173,152,83,112,83,136,119,156,160,101,97,161,152,170,91,99,95,83,102,99,99,95,83,99,95,83,101,105,99,92,61,128,148,156,161,121,165,148,160,152,97,131,162,166,156,167,156,162,161,83,112,83,136,119,156,160,101,97,161,152,170,91,99,97,104,95,83,96,100,104,99,95,83,99,97,104,95,83,96,100,102,99,92,61,128,148,156,161,121,165,148,160,152,97,117,148,150,158,154,165,162,168,161,151,118,162,159,162,165,102,83,112,83,118,162,159,162,165,102,97,153,165,162,160,133,122,117,91,100,107,95,83,100,107,95,83,101,101,92,61,124,161,166,167,148,161,150,152,97,161,152,170,91,85,136,124,118,162,165,161,152,165,85,95,83,128,148,156,161,121,165,148,160,152,92,97,118,162,165,161,152,165,133,148,151,156,168,166,83,112,83,136,119,156,160,97,161,152,170,91,99,95,83,100,103,92,61,61,159,162,150,148,159,83,128,148,156,161,134,167,165,162,158,152,83,112,83,124,161,166,167,148,161,150,152,97,161,152,170,91,85,136,124,134,167,165,162,158,152,85,95,83,128,148,156,161,121,165,148,160,152,92,61,128,148,156,161,134,167,165,162,158,152,97,118,162,159,162,165,83,112,83,118,162,159,162,165,102,97,153,165,162,160,133,122,117,91,99,95,83,101,104,104,95,83,100,104,99,92,61,128,148,156,161,134,167,165,162,158,152,97,135,155,156,150,158,161,152,166,166,83,112,83,102,97,104,83,96,96,83,128,136,140,83,122,133,136,120,134,130,61,128,148,158,152,119,165,148,154,154,148,149,159,152,91,128,148,156,161,121,165,148,160,152,92,61,61,96,96,83,123,152,148,151,152,165,61,159,162,150,148,159,83,123,152,148,151,152,165,83,112,83,124,161,166,167,148,161,150,152,97,161,152,170,91,85,121,165,148,160,152,85,95,83,128,148,156,161,121,165,148,160,152,92,61,123,152,148,151,152,165,97,134,156,173,152,83,112,83,136,119,156,160,101,97,161,152,170,91,100,95,83,99,95,83,99,95,83,104,99,92,110,83,123,152,148,151,152,165,97,117,148,150,158,154,165,162,168,161,151,135,165,148,161,166,163,148,165,152,161,150,172,83,112,83,99,97,108,110,83,123,152,148,151,152,165,97,117,148,150,158,154,165,162,168,161,151,118,162,159,162,165,102,83,112,83,118,162,159,162,165,102,97,153,165,162,160,133,122,117,91,99,95,83,101,104,104,95,83,100,104,99,92,61,159,162,150,148,159,83,135,156,167,159,152,83,112,83,124,161,166,167,148,161,150,152,97,161,152,170,91,85,135,152,171,167,127,148,149,152,159,85,95,83,123,152,148,151,152,165,92,61,135,156,167,159,152,97,135,152,171,167,83,112,83,85,212,83,127,136,129,124,139,85,110,83,135,156,167,159,152,97,134,156,173,152,83,112,83,136,119,156,160,101,97,161,152,170,91,100,95,83,99,95,83,100,95,83,99,92,110,83,135,156,167,159,152,97,135,152,171,167,118,162,159,162,165,102,83,112,83,118,162,159,162,165,102,97,153,165,162,160,133,122,117,91,99,95,83,101,104,104,95,83,100,104,99,92,110,83,135,156,167,159,152,97,121,162,161,167,83,112,83,120,161,168,160,97,121,162,161,167,97,122,162,167,155,148,160,117,162,159,151,110,83,135,156,167,159,152,97,135,152,171,167,134,156,173,152,83,112,83,101,101,110,83,135,156,167,159,152,97,117,148,150,158,154,165,162,168,161,151,135,165,148,161,166,163,148,165,152,161,150,172,83,112,83,100,61,61,159,162,150,148,159,83,118,159,162,166,152,117,167,161,83,112,83,124,161,166,167,148,161,150,152,97,161,152,170,91,85,135,152,171,167,117,168,167,167,162,161,85,95,83,123,152,148,151,152,165,92,61,118,159,162,166,152,117,167,161,97,135,152,171,167,83,112,83,85,10,85,110,83,118,159,162,166,152,117,167,161,97,134,156,173,152,83,112,83,136,119,156,160,101,97,161,152,170,91,99,95,83,102,99,95,83,99,95,83,102,99,92,110,83,118,159,162,166,152,117,167,161,97,131,162,166,156,167,156,162,161,83,112,83,136,119,156,160,101,97,161,152,170,91,100,95,83,96,102,107,95,83,99,95,83,100,99,92,110,83,118,159,162,166,152,117,167,161,97,117,148,150,158,154,165,162,168,161,151,118,162,159,162,165,102,83,112,83,118,162,159,162,165,102,97,153,165,162,160,133,122,117,91,101,104,104,95,83,104,99,95,83,107,99,92,61,124,161,166,167,148,161,150,152,97,161,152,170,91,85,136,124,118,162,165,161,152,165,85,95,83,118,159,162,166,152,117,167,161,92,61,61,96,96,83,118,162,161,167,152,161,152,151,162,165,83,151,152,83,117,162,167,162,161,152,166,61,159,162,150,148,159,83,118,162,161,167,148,156,161,152,165,83,112,83,124,161,166,167,148,161,150,152,97,161,152,170,91,85,121,165,148,160,152,85,95,83,128,148,156,161,121,165,148,160,152,92,61,118,162,161,167,148,156,161,152,165,97,134,156,173,152,83,112,83,136,119,156,160,101,97,161,152,170,91,100,95,83,96,101,99,95,83,100,95,83,96,100,99,99,92,110,83,118,162,161,167,148,156,161,152,165,97,131,162,166,156,167,156,162,161,83,112,83,136,119,156,160,101,97,161,152,170,91,99,95,83,100,99,95,83,99,95,83,105,99,92,110,83,118,162,161,167,148,156,161,152,165,97,117,148,150,158,154,165,162,168,161,151,135,165,148,161,166,163,148,165,152,161,150,172,83,112,83,100,61,61,159,162,150,148,159,83,153,168,161,150,167,156,162,161,83,118,165,152,148,167,152,117,168,167,167,162,161,91,161,148,160,152,95,83,156,150,162,161,95,83,150,162,159,95,83,165,162,170,92,61,159,162,150,148,159,83,171,131,162,166,83,112,83,150,162,159,83,112,112,83,100,83,148,161,151,83,99,83,162,165,83,99,97,104,101,61,159,162,150,148,159,83,172,131,162,166,83,112,83,91,165,162,170,83,96,83,100,92,83,93,83,105,104,61,159,162,150,148,159,83,117,167,161,83,112,83,124,161,166,167,148,161,150,152,97,161,152,170,91,85,135,152,171,167,117,168,167,167,162,161,85,95,83,118,162,161,167,148,156,161,152,165,92,61,117,167,161,97,134,156,173,152,83,112,83,136,119,156,160,101,97,161,152,170,91,99,97,103,105,95,83,99,95,83,99,95,83,104,107,92,110,83,117,167,161,97,131,162,166,156,167,156,162,161,83,112,83,136,119,156,160,101,97,161,152,170,91,171,131,162,166,95,83,99,95,83,99,95,83,172,131,162,166,92,110,83,117,167,161,97,117,148,150,158,154,165,162,168,161,151,118,162,159,162,165,102,83,112,83,118,162,159,162,165,102,97,153,165,162,160,133,122,117,91,102,99,95,83,102,99,95,83,102,104,92,110,83,117,167,161,97,135,152,171,167,83,112,83,85,85,61,124,161,166,167,148,161,150,152,97,161,152,170,91,85,136,124,118,162,165,161,152,165,85,95,83,117,167,161,92,61,159,162,150,148,159,83,166,83,112,83,124,161,166,167,148,161,150,152,97,161,152,170,91,85,136,124,134,167,165,162,158,152,85,95,83,117,167,161,92,110,83,166,97,118,162,159,162,165,83,112,83,118,162,159,162,165,102,97,153,165,162,160,133,122,117,91,105,99,95,83,105,99,95,83,106,99,92,110,83,166,97,135,155,156,150,158,161,152,166,166,83,112,83,100,97,104,61,61,159,162,150,148,159,83,156,83,112,83,124,161,166,167,148,161,150,152,97,161,152,170,91,85,135,152,171,167,127,148,149,152,159,85,95,83,117,167,161,92,110,83,156,97,135,152,171,167,83,112,83,156,150,162,161,110,83,156,97,134,156,173,152,83,112,83,136,119,156,160,101,97,161,152,170,91,100,95,99,95,99,95,101,107,92,110,83,156,97,117,148,150,158,154,165,162,168,161,151,135,165,148,161,166,163,148,165,152,161,150,172,83,112,83,100,110,83,156,97,135,152,171,167,134,156,173,152,83,112,83,101,103,110,83,156,97,135,152,171,167,118,162,159,162,165,102,83,112,83,118,162,159,162,165,102,97,153,165,162,160,133,122,117,91,99,95,83,101,104,104,95,83,100,104,99,92,83,83,61,159,162,150,148,159,83,159,83,112,83,124,161,166,167,148,161,150,152,97,161,152,170,91,85,135,152,171,167,127,148,149,152,159,85,95,83,117,167,161,92,110,83,159,97,135,152,171,167,83,112,83,161,148,160,152,110,83,159,97,131,162,166,156,167,156,162,161,83,112,83,136,119,156,160,101,97,161,152,170,91,99,95,99,95,99,95,102,101,92,110,83,159,97,134,156,173,152,83,112,83,136,119,156,160,101,97,161,152,170,91,100,95,99,95,99,95,100,102,92,110,83,159,97,117,148,150,158,154,165,162,168,161,151,135,165,148,161,166,163,148,165,152,161,150,172,83,112,83,100,110,83,159,97,135,152,171,167,118,162,159,162,165,102,83,112,83,118,162,159,162,165,102,97,161,152,170,91,100,95,100,95,100,92,110,83,159,97,121,162,161,167,83,112,83,120,161,168,160,97,121,162,161,167,97,122,162,167,155,148,160,117,162,159,151,83,83,61,159,162,150,148,159,83,166,167,83,112,83,124,161,166,167,148,161,150,152,97,161,152,170,91,85,135,152,171,167,127,148,149,152,159,85,95,83,117,167,161,92,110,83,166,167,97,135,152,171,167,83,112,83,85,130,121,121,85,110,83,166,167,97,131,162,166,156,167,156,162,161,83,112,83,136,119,156,160,101,97,161,152,170,91,99,95,99,95,99,95,103,104,92,110,83,166,167,97,134,156,173,152,83,112,83,136,119,156,160,101,97,161,152,170,91,100,95,99,95,99,95,100,99,92,110,83,166,167,97,117,148,150,158,154,165,162,168,161,151,135,165,148,161,166,163,148,165,152,161,150,172,83,112,83,100,110,83,166,167,97,135,152,171,167,118,162,159,162,165,102,83,112,83,118,162,159,162,165,102,97,153,165,162,160,133,122,117,91,100,104,99,95,100,104,99,95,100,104,99,92,110,83,166,167,97,135,152,171,167,134,156,173,152,83,112,83,108,83,83,61,83,83,61,165,152,167,168,165,161,83,117,167,161,95,83,166,167,95,83,156,61,61,152,161,151,61,61,159,162,150,148,159,83,122,155,162,166,167,117,167,161,95,83,122,155,162,166,167,134,167,148,167,168,166,95,83,122,155,162,166,167,124,150,162,161,83,112,83,118,165,152,148,167,152,117,168,167,167,162,161,91,85,122,155,162,166,167,85,95,83,85,112,174,85,95,83,100,95,83,100,92,61,159,162,150,148,159,83,129,162,150,159,156,163,117,167,161,95,83,129,162,150,159,156,163,134,167,148,167,168,166,95,83,129,162,150,159,156,163,124,150,162,161,83,112,83,118,165,152,148,167,152,117,168,167,167,162,161,91,85,129,162,150,159,156,163,85,95,83,85,112,179,85,95,83,101,95,83,100,92,61,159,162,150,148,159,83,120,166,163,117,167,161,95,83,120,166,163,134,167,148,167,168,166,95,83,120,166,163,124,150,162,161,83,112,83,118,165,152,148,167,152,117,168,167,167,162,161,91,85,120,134,131,85,95,83,85,112,116,66,85,95,83,100,95,83,101,92,61,159,162,150,148,159,83,122,162,151,117,167,161,95,83,122,162,151,134,167,148,167,168,166,95,83,122,162,151,124,150,162,161,83,112,83,118,165,152,148,167,152,117,168,167,167,162,161,91,85,122,162,151,85,95,83,85,112,20,66,85,95,83,101,95,83,101,92,61,61,96,96,83,112,112,112,83,127,6,122,124,118,116,83,133,120,121,124,129,116,119,116,83,112,112,112,61,61,96,96,83,100,97,83,129,130,118,127,124,131,83,91,118,130,129,83,116,136,133,116,83,119,120,83,118,130,129,135,130,133,129,130,83,131,116,133,131,116,119,120,116,129,135,120,83,133,130,125,130,92,61,159,162,150,148,159,83,129,162,150,159,156,163,116,150,167,156,169,152,83,112,83,153,148,159,166,152,61,159,162,150,148,159,83,129,162,150,159,156,163,123,156,154,155,159,156,154,155,167,83,112,83,161,156,159,61,61,129,162,150,159,156,163,117,167,161,97,128,162,168,166,152,117,168,167,167,162,161,100,118,159,156,150,158,109,118,162,161,161,152,150,167,91,153,168,161,150,167,156,162,161,91,92,61,129,162,150,159,156,163,116,150,167,156,169,152,83,112,83,161,162,167,83,129,162,150,159,156,163,116,150,167,156,169,152,61,129,162,150,159,156,163,134,167,148,167,168,166,97,135,152,171,167,83,112,83,129,162,150,159,156,163,116,150,167,156,169,152,83,148,161,151,83,85,130,129,85,83,162,165,83,85,130,121,121,85,61,129,162,150,159,156,163,134,167,148,167,168,166,97,135,152,171,167,118,162,159,162,165,102,83,112,83,129,162,150,159,156,163,116,150,167,156,169,152,83,148,161,151,83,118,162,159,162,165,102,97,153,165,162,160,133,122,117,91,99,95,83,101,104,104,95,83,100,104,99,92,83,162,165,83,118,162,159,162,165,102,97,153,165,162,160,133,122,117,91,100,104,99,95,83,100,104,99,95,83,100,104,99,92,61,61,156,153,83,129,162,150,159,156,163,116,150,167,156,169,152,83,167,155,152,161,83,83,61,83,83,83,83,129,162,150,159,156,163,123,156,154,155,159,156,154,155,167,83,112,83,124,161,166,167,148,161,150,152,97,161,152,170,91,85,123,156,154,155,159,156,154,155,167,85,95,83,127,131,97,118,155,148,165,148,150,167,152,165,92,83,83,61,83,83,83,83,129,162,150,159,156,163,123,156,154,155,159,156,154,155,167,97,121,156,159,159,135,165,148,161,166,163,148,165,152,161,150,172,83,112,83,100,83,83,61,83,83,83,83,129,162,150,159,156,163,123,156,154,155,159,156,154,155,167,97,130,168,167,159,156,161,152,118,162,159,162,165,83,112,83,118,162,159,162,165,102,97,153,165,162,160,133,122,117,91,101,104,104,95,83,99,95,83,99,92,83,83,61,83,83,83,83,129,162,150,159,156,163,123,156,154,155,159,156,154,155,167,97,130,168,167,159,156,161,152,135,165,148,161,166,163,148,165,152,161,150,172,83,112,83,99,83,83,61,83,83,83,83,129,162,150,159,156,163,123,156,154,155,159,156,154,155,167,97,119,152,163,167,155,128,162,151,152,83,112,83,120,161,168,160,97,123,156,154,155,159,156,154,155,167,119,152,163,167,155,128,162,151,152,97,116,159,170,148,172,166,130,161,135,162,163,83,83,61,152,159,166,152,156,153,83,129,162,150,159,156,163,123,156,154,155,159,156,154,155,167,83,167,155,152,161,83,83,61,83,83,83,83,129,162,150,159,156,163,123,156,154,155,159,156,154,155,167,109,119,152,166,167,165,162,172,91,92,83,83,61,152,161,151,61,61,152,161,151,92,61,61,133,134,97,134,167,152,163,163,152,151,109,118,162,161,161,152,150,167,91,153,168,161,150,167,156,162,161,91,92,61,156,153,83,161,162,167,83,129,162,150,159,156,163,116,150,167,156,169,152,83,162,165,83,161,162,167,83,127,131,97,118,155,148,165,148,150,167,152,165,83,167,155,152,161,83,165,152,167,168,165,161,83,152,161,151,61,61,159,162,150,148,159,83,150,172,150,159,152,83,112,83,160,148,167,155,97,153,159,162,162,165,91,167,156,150,158,91,92,92,83,88,83,101,83,112,112,83,99,83,96,96,83,131,148,165,163,148,151,152,162,83,151,152,83,100,83,166,152,154,168,161,151,162,83,83,61,156,153,83,129,162,150,159,156,163,123,156,154,155,159,156,154,155,167,83,167,155,152,161,83,83,61,83,83,83,83,129,162,150,159,156,163,123,156,154,155,159,156,154,155,167,97,130,168,167,159,156,161,152,135,165,148,161,166,163,148,165,152,161,150,172,83,112,83,150,172,150,159,152,83,148,161,151,83,99,83,162,165,83,99,97,106,83,83,61,152,161,151,83,83,61,83,83,61,153,162,165,83,146,95,83,169,83,156,161,83,163,148,156,165,166,91,127,131,97,118,155,148,165,148,150,167,152,165,109,122,152,167,119,152,166,150,152,161,151,148,161,167,166,91,92,92,83,151,162,83,83,61,83,83,83,83,156,153,83,169,109,124,166,116,91,85,117,148,166,152,131,148,165,167,85,92,83,167,155,152,161,83,83,83,61,83,83,83,83,83,83,83,83,169,97,118,148,161,118,162,159,159,156,151,152,83,112,83,153,148,159,166,152,83,83,83,61,83,83,83,83,83,83,83,83,96,96,83,135,165,148,161,166,163,148,165,152,161,150,156,148,83,163,148,165,163,148,151,152,148,161,167,152,83,151,152,83,100,166,83,83,61,83,83,83,83,83,83,83,83,169,97,135,165,148,161,166,163,148,165,152,161,150,172,83,112,83,150,172,150,159,152,83,148,161,151,83,99,97,105,83,162,165,83,99,83,83,61,83,83,83,83,152,161,151,83,83,61,152,161,151,61,61,152,161,151,92,61,61,96,96,83,101,97,83,120,134,131,83,91,129,130,128,117,133,120,134,83,94,83,118,130,129,135,130,133,129,130,83,131,116,133,131,116,119,120,116,129,135,120,83,100,134,92,61,159,162,150,148,159,83,120,166,163,116,150,167,156,169,152,83,112,83,153,148,159,166,152,61,159,162,150,148,159,83,120,166,163,121,162,159,151,152,165,83,112,83,124,161,166,167,148,161,150,152,97,161,152,170,91,85,121,162,159,151,152,165,85,95,83,127,168,161,156,171,122,168,156,92,61,61,120,166,163,117,167,161,97,128,162,168,166,152,117,168,167,167,162,161,100,118,159,156,150,158,109,118,162,161,161,152,150,167,91,153,168,161,150,167,156,162,161,91,92,61,120,166,163,116,150,167,156,169,152,83,112,83,161,162,167,83,120,166,163,116,150,167,156,169,152,61,120,166,163,134,167,148,167,168,166,97,135,152,171,167,83,112,83,120,166,163,116,150,167,156,169,152,83,148,161,151,83,85,130,129,85,83,162,165,83,85,130,121,121,85,61,120,166,163,134,167,148,167,168,166,97,135,152,171,167,118,162,159,162,165,102,83,112,83,120,166,163,116,150,167,156,169,152,83,148,161,151,83,118,162,159,162,165,102,97,153,165,162,160,133,122,117,91,99,95,83,101,104,104,95,83,100,104,99,92,83,162,165,83,118,162,159,162,165,102,97,153,165,162,160,133,122,117,91,100,104,99,95,83,100,104,99,95,83,100,104,99,92,61,156,153,83,161,162,167,83,120,166,163,116,150,167,156,169,152,83,167,155,152,161,83,120,166,163,121,162,159,151,152,165,109,118,159,152,148,165,116,159,159,118,155,156,159,151,165,152,161,91,92,83,152,161,151,61,152,161,151,92,61,61,133,134,97,133,152,161,151,152,165,134,167,152,163,163,152,151,109,118,162,161,161,152,150,167,91,153,168,161,150,167,156,162,161,91,92,61,156,153,83,161,162,167,83,120,166,163,116,150,167,156,169,152,83,167,155,152,161,83,165,152,167,168,165,161,83,152,161,151,61,120,166,163,121,162,159,151,152,165,109,118,159,152,148,165,116,159,159,118,155,156,159,151,165,152,161,91,92,61,61,159,162,150,148,159,83,150,172,150,159,152,83,112,83,160,148,167,155,97,153,159,162,162,165,91,167,156,150,158,91,92,92,83,88,83,101,83,112,112,83,99,83,96,96,83,118,156,150,159,162,83,151,152,83,100,83,166,152,154,168,161,151,162,83,83,61,83,83,61,153,162,165,83,146,95,83,163,83,156,161,83,163,148,156,165,166,91,131,159,148,172,152,165,166,109,122,152,167,131,159,148,172,152,165,166,91,92,92,83,151,162,83,83,61,83,83,83,83,156,153,83,163,83,177,112,83,127,131,83,148,161,151,83,163,97,118,155,148,165,148,150,167,152,165,83,148,161,151,83,163,97,118,155,148,165,148,150,167,152,165,109,121,156,161,151,121,156,165,166,167,118,155,156,159,151,91,85,123,168,160,148,161,162,156,151,133,162,162,167,131,148,165,167,85,92,83,167,155,152,161,83,83,61,83,83,83,83,83,83,83,83,96,96,83,118,162,161,167,162,165,161,162,83,83,61,83,83,83,83,83,83,83,83,159,162,150,148,159,83,155,83,112,83,124,161,166,167,148,161,150,152,97,161,152,170,91,85,123,156,154,155,159,156,154,155,167,85,95,83,120,166,163,121,162,159,151,152,165,92,83,83,61,83,83,83,83,83,83,83,83,155,97,116,151,162,165,161,152,152,83,112,83,163,97,118,155,148,165,148,150,167,152,165,83,83,61,83,83,83,83,83,83,83,83,155,97,121,156,159,159,135,165,148,161,166,163,148,165,152,161,150,172,83,112,83,100,83,83,61,83,83,83,83,83,83,83,83,83,83,61,83,83,83,83,83,83,83,83,159,162,150,148,159,83,156,166,116,159,159,172,83,112,83,91,163,97,135,152,148,160,83,148,161,151,83,127,131,97,135,152,148,160,83,148,161,151,83,163,97,135,152,148,160,83,112,112,83,127,131,97,135,152,148,160,92,83,83,61,83,83,83,83,83,83,83,83,156,153,83,156,166,116,159,159,172,83,167,155,152,161,83,83,61,83,83,83,83,83,83,83,83,83,83,83,83,155,97,130,168,167,159,156,161,152,118,162,159,162,165,83,112,83,150,172,150,159,152,83,148,161,151,83,118,162,159,162,165,102,97,153,165,162,160,133,122,117,91,99,95,83,100,99,99,95,83,101,104,104,92,83,162,165,83,118,162,159,162,165,102,97,153,165,162,160,133,122,117,91,99,95,83,101,104,104,95,83,100,99,99,92,83,96,96,83,116,173,168,159,83,98,83,137,152,165,151,152,83,83,61,83,83,83,83,83,83,83,83,152,159,166,152,83,83,61,83,83,83,83,83,83,83,83,83,83,83,83,155,97,130,168,167,159,156,161,152,118,162,159,162,165,83,112,83,150,172,150,159,152,83,148,161,151,83,118,162,159,162,165,102,97,153,165,162,160,133,122,117,91,101,104,104,95,83,99,95,83,99,92,83,162,165,83,118,162,159,162,165,102,97,153,165,162,160,133,122,117,91,99,95,83,100,99,99,95,83,101,104,104,92,83,96,96,83,133,162,157,162,83,98,83,116,173,168,159,83,83,61,83,83,83,83,83,83,83,83,152,161,151,83,83,61,83,83,83,83,83,83,83,83,83,83,61,83,83,83,83,83,83,83,83,96,96,83,129,162,160,149,165,152,83,83,61,83,83,83,83,83,83,83,83,159,162,150,148,159,83,149,83,112,83,124,161,166,167,148,161,150,152,97,161,152,170,91,85,117,156,159,159,149,162,148,165,151,122,168,156,85,95,83,120,166,163,121,162,159,151,152,165,92,83,83,61,83,83,83,83,83,83,83,83,149,97,116,151,162,165,161,152,152,83,112,83,163,97,118,155,148,165,148,150,167,152,165,109,121,156,161,151,121,156,165,166,167,118,155,156,159,151,91,85,123,152,148,151,85,92,83,83,61,83,83,83,83,83,83,83,83,149,97,134,156,173,152,83,112,83,136,119,156,160,101,97,161,152,170,91,99,95,83,100,99,99,95,83,99,95,83,104,99,92,110,83,149,97,116,159,170,148,172,166,130,161,135,162,163,83,112,83,167,165,168,152,110,83,149,97,120,171,167,152,161,167,166,130,153,153,166,152,167,83,112,83,137,152,150,167,162,165,102,97,161,152,170,91,99,95,83,102,95,83,99,92,83,83,61,83,83,83,83,83,83,83,83,159,162,150,148,159,83,159,83,112,83,124,161,166,167,148,161,150,152,97,161,152,170,91,85,135,152,171,167,127,148,149,152,159,85,95,83,149,92,83,83,61,83,83,83,83,83,83,83,83,159,97,134,156,173,152,83,112,83,136,119,156,160,101,97,161,152,170,91,100,95,99,95,100,95,99,92,110,83,159,97,117,148,150,158,154,165,162,168,161,151,135,165,148,161,166,163,148,165,152,161,150,172,83,112,83,100,110,83,159,97,135,152,171,167,83,112,83,163,97,129,148,160,152,110,83,159,97,135,152,171,167,118,162,159,162,165,102,83,112,83,118,162,159,162,165,102,97,161,152,170,91,100,95,100,95,100,92,110,83,159,97,121,162,161,167,83,112,83,120,161,168,160,97,121,162,161,167,97,122,162,167,155,148,160,117,162,159,151,110,83,159,97,135,152,171,167,134,156,173,152,83,112,83,100,103,83,83,61,83,83,83,83,152,161,151,83,83,61,152,161,151,61,61,152,161,151,92,61,61,96,96,83,102,97,83,122,130,119,83,128,130,119,120,83,91,135,136,83,127,6,122,124,118,116,83,94,83,116,129,135,124,96,119,116,4,130,92,61,159,162,150,148,159,83,122,162,151,116,150,167,156,169,152,83,112,83,153,148,159,166,152,61,122,162,151,117,167,161,97,128,162,168,166,152,117,168,167,167,162,161,100,118,159,156,150,158,109,118,162,161,161,152,150,167,91,153,168,161,150,167,156,162,161,91,92,61,122,162,151,116,150,167,156,169,152,83,112,83,161,162,167,83,122,162,151,116,150,167,156,169,152,61,122,162,151,134,167,148,167,168,166,97,135,152,171,167,83,112,83,122,162,151,116,150,167,156,169,152,83,148,161,151,83,85,130,129,85,83,162,165,83,85,130,121,121,85,61,122,162,151,134,167,148,167,168,166,97,135,152,171,167,118,162,159,162,165,102,83,112,83,122,162,151,116,150,167,156,169,152,83,148,161,151,83,118,162,159,162,165,102,97,153,165,162,160,133,122,117,91,99,95,83,101,104,104,95,83,100,104,99,92,83,162,165,83,118,162,159,162,165,102,97,153,165,162,160,133,122,117,91,100,104,99,95,83,100,104,99,95,83,100,104,99,92,61,152,161,151,92,61,61,133,134,97,123,152,148,165,167,149,152,148,167,109,118,162,161,161,152,150,167,91,153,168,161,150,167,156,162,161,91,92,61,156,153,83,161,162,167,83,122,162,151,116,150,167,156,169,152,83,162,165,83,161,162,167,83,127,131,97,118,155,148,165,148,150,167,152,165,83,167,155,152,161,83,165,152,167,168,165,161,83,152,161,151,61,159,162,150,148,159,83,155,168,160,83,112,83,127,131,97,118,155,148,165,148,150,167,152,165,109,121,156,161,151,121,156,165,166,167,118,155,156,159,151,130,153,118,159,148,166,166,91,85,123,168,160,148,161,162,156,151,85,92,61,156,153,83,155,168,160,83,167,155,152,161,61,155,168,160,97,123,152,148,159,167,155,83,112,83,155,168,160,97,128,148,171,123,152,148,159,167,155,61,153,162,165,83,146,95,83,169,83,156,161,83,163,148,156,165,166,91,127,131,97,118,155,148,165,148,150,167,152,165,109,122,152,167,119,152,166,150,152,161,151,148,161,167,166,91,92,92,83,151,162,61,156,153,83,169,109,124,166,116,91,85,135,162,168,150,155,124,161,167,152,165,152,166,167,85,92,83,167,155,152,161,83,169,109,119,152,166,167,165,162,172,91,92,83,152,161,151,83,96,96,83,117,162,165,165,148,83,152,159,83,151,148,36,162,61,152,161,151,61,152,161,151,61,152,161,151,92,61,61,96,96,83,103,97,83,122,123,130,134,135,61,159,162,150,148,159,83,122,155,162,166,167,116,150,167,156,169,152,83,112,83,153,148,159,166,152,61,122,155,162,166,167,117,167,161,97,128,162,168,166,152,117,168,167,167,162,161,100,118,159,156,150,158,109,118,162,161,161,152,150,167,91,153,168,161,150,167,156,162,161,91,92,61,122,155,162,166,167,116,150,167,156,169,152,83,112,83,161,162,167,83,122,155,162,166,167,116,150,167,156,169,152,61,122,155,162,166,167,134,167,148,167,168,166,97,135,152,171,167,83,112,83,122,155,162,166,167,116,150,167,156,169,152,83,148,161,151,83,85,130,129,85,83,162,165,83,85,130,121,121,85,61,122,155,162,166,167,134,167,148,167,168,166,97,135,152,171,167,118,162,159,162,165,102,83,112,83,122,155,162,166,167,116,150,167,156,169,152,83,148,161,151,83,118,162,159,162,165,102,97,153,165,162,160,133,122,117,91,99,95,83,101,104,104,95,83,100,104,99,92,83,162,165,83,118,162,159,162,165,102,97,153,165,162,160,133,122,117,91,100,104,99,95,83,100,104,99,95,83,100,104,99,92,61,152,161,151,92,61,61,96,96,83,133,152,166,167,148,168,165,148,165,83,98,83,118,152,165,165,148,165,61,159,162,150,148,159,83,133,152,166,167,162,165,152,117,167,161,83,112,83,124,161,166,167,148,161,150,152,97,161,152,170,91,85,135,152,171,167,117,168,167,167,162,161,85,95,83,127,168,161,156,171,122,168,156,92,61,133,152,166,167,162,165,152,117,167,161,97,134,156,173,152,83,112,83,136,119,156,160,101,97,161,152,170,91,99,95,83,104,99,95,83,99,95,83,104,99,92,110,83,133,152,166,167,162,165,152,117,167,161,97,131,162,166,156,167,156,162,161,83,112,83,136,119,156,160,101,97,161,152,170,91,99,95,83,100,104,95,83,99,97,104,95,83,96,101,104,92,110,83,133,152,166,167,162,165,152,117,167,161,97,137,156,166,156,149,159,152,83,112,83,153,148,159,166,152,61,133,152,166,167,162,165,152,117,167,161,97,117,148,150,158,154,165,162,168,161,151,118,162,159,162,165,102,83,112,83,118,162,159,162,165,102,97,153,165,162,160,133,122,117,91,100,104,95,83,100,104,95,83,100,104,92,110,83,133,152,166,167,162,165,152,117,167,161,97,135,152,171,167,83,112,83,85,127,139,85,110,83,133,152,166,167,162,165,152,117,167,161,97,135,152,171,167,118,162,159,162,165,102,83,112,83,118,162,159,162,165,102,97,153,165,162,160,133,122,117,91,99,95,83,101,104,104,95,83,100,104,99,92,61,124,161,166,167,148,161,150,152,97,161,152,170,91,85,136,124,118,162,165,161,152,165,85,95,83,133,152,166,167,162,165,152,117,167,161,92,110,83,124,161,166,167,148,161,150,152,97,161,152,170,91,85,136,124,134,167,165,162,158,152,85,95,83,133,152,166,167,162,165,152,117,167,161,92,97,118,162,159,162,165,83,112,83,118,162,159,162,165,102,97,153,165,162,160,133,122,117,91,99,95,83,101,104,104,95,83,100,104,99,92,61,128,148,158,152,119,165,148,154,154,148,149,159,152,91,133,152,166,167,162,165,152,117,167,161,92,61,61,118,159,162,166,152,117,167,161,97,128,162,168,166,152,117,168,167,167,162,161,100,118,159,156,150,158,109,118,162,161,161,152,150,167,91,153,168,161,150,167,156,162,161,91,92,83,128,148,156,161,121,165,148,160,152,97,137,156,166,156,149,159,152,83,112,83,153,148,159,166,152,110,83,133,152,166,167,162,165,152,117,167,161,97,137,156,166,156,149,159,152,83,112,83,167,165,168,152,83,152,161,151,92,61,133,152,166,167,162,165,152,117,167,161,97,128,162,168,166,152,117,168,167,167,162,161,100,118,159,156,150,158,109,118,162,161,161,152,150,167,91,153,168,161,150,167,156,162,161,91,92,83,128,148,156,161,121,165,148,160,152,97,137,156,166,156,149,159,152,83,112,83,167,165,168,152,110,83,133,152,166,167,162,165,152,117,167,161,97,137,156,166,156,149,159,152,83,112,83,153,148,159,166,152,83,152,161,151,92,61,61,163,165,156,161,167,91,85,127,136,129,124,139,83,169,100,97,99,83,118,116,133,122,116,119,130,83,96,83,120,134,135,124,127,130,83,122,133,136,120,134,130,83,116,118,135,124,137,116,119,130,85,92}
local _KEY = 51
local _OUT = {}

local _1a = 539 / 607; local _0z = 316 + 279; local _ll = 938 * 193; local _8x = 887 + 699; local _pq = 39 - 286; 

-- Genesis Virtual Dispatcher
for _I = 1, #_DATA do
    local _BYTE = _DATA[_I]
    -- Manual bit-shifting for maximum compatibility (Delta/Fluxus/Synapse)
    local _RES = (_BYTE - _KEY) % 256
    _OUT[_I] = string.char(_RES)
end

local _pq = 891 - 238; local _8x = 79 * 706; local _vv = 147 + 861; local _1a = 541 / 495; local _pq = 708 * 565; 

local _SOURCE = table.concat(_OUT)
local _EXEC, _ERR = _LOAD(_SOURCE, "@Evolution_Genesis")

if _EXEC then
    -- Clean memory
    _DATA = nil
    _SOURCE = nil
    return task.spawn(_EXEC)
else
    _PRINT("Genesis Integrity Error: 0x" .. tostring(_ERR):len())
end